20
5
[17, 18, 26, 56, 40]
[42, 36, 69, 14, 85]
[30, 33, 16, 14, 24]
[16, 69, 57, 11, 91]
[81, 5, 69, 58]
[26, 53, 49, 80]
[11, 31, 32, 96]
[74, 98, 56, 18, 59]
[43, 10, 53, 61, 22]
[97, 21, 41, 3]
[96, 69, 63, 14, 24]
[32, 43, 35, 68]
[58, 22, 98, 16]
[68, 3, 97, 5]
[41, 30, 90, 93, 95]
[57, 81, 27, 97, 71]
[73, 92, 53, 99, 39]
[97, 42, 31, 93]
[23, 24, 54, 33]
[25, 22, 57, 72, 98]
[62, 27, 2, 1]
[47, 95, 89, 29, 65]
[34, 47, 88, 96]
[47, 55, 16, 50]
[32, 64, 62, 55]
[7, 10, 72, 75]
[5, 76, 17, 57]
[49, 56, 36, 97]
[31, 71, 96, 14, 12]
[43, 22, 20, 3]
